image_width: 480
image_height: 360
camera_name: narrow_stereo
camera_matrix:
  rows: 3
  cols: 3
  data: [409.29094,   0.     , 239.29854,
           0.     , 406.01727, 186.30414,
           0.     ,   0.     ,   1.     ]
distortion_model: plumb_bob
distortion_coefficients:
  rows: 1
  cols: 5
  data: [0.221786, -0.369428, -0.004036, 0.000163, 0.000000]
rectification_matrix:
  rows: 3
  cols: 3
  data: [1., 0., 0.,
         0., 1., 0.,
         0., 0., 1.]
projection_matrix:
  rows: 3
  cols: 4
  data: [422.23526,   0.     , 238.85443,   0.     ,
           0.     , 418.33505, 184.70713,   0.     ,
           0.     ,   0.     ,   1.     ,   0.     ]
